5 5
74474 94110
51080 83229
10708 8027
55362 85281
45590 18573
34811 61462
74678 59860
26908 85551
79853 97026
85696 18241
62351 79905
11627 6674
73969 74995
8234 49711
11675 98229
27273 75932
89868 541
29963 16327
69316 43714
21833 94454
88723 79034
77994 45342
68155 21150
10299 3701
84356 2826
71500 69375
34940 2433
35271 97157
488 29294
13581 80805
31692 98373
48399 87490
78227 5415
63014 26747
7740 38916
67887 22330
77793 2139
78119 23811
98789 3645
72702 5452
36057 4752
77339 58411
65995 57711
30316 44234
17323 45839
3656 75416
88827 42108
86596 65914
91251 70306
22830 95519
49006 9223
66249 99281
73109 38229
72613 54566
6662 23990
14298 52822
24961 77112
24801 53064
43950 25520
46415 51909
82094 76634
55631 33102
76508 31134
74331 31464
77984 84367
86103 96341
3088 47886
52618 37439
13347 10763
65401 54254
70260 32171
71362 34425
72527 55301
23410 63097
49627 90214
38915 80664
73060 31028
29238 97065
21763 59824
5385 85905
60781 47988
5205 73826
81269 34364
31750 91337
57663 95650
1912 94269
24706 39201
82602 28056
51704 79579
58786 9731
58981 83670
8637 80937
40354 52705
81585 73325
4069 34964
54337 82008
7503 92021
77627 6826
97265 10647
